0,0,295,0,0,500,0.6,1000,0.2,1400,0.2,0
0,1,839,1,0,500,0.6,1000,0.2,1400,0.2,1
0,2,293,2,10,5,0,300,0.5,1700,0.5,2
0,3,387,2,10,5,0,500,0.6,1000,0.2,1400,0.2,1
0,4,479,0,0,500,0.6,1000,0.2,1400,0.2,0
0,5,447,1,0,300,0.5,1700,0.5,2
0,6,337,2,10,5,0,300,0.5,1700,0.5,2
0,7,784,2,10,5,0,500,0.6,1000,0.2,1400,0.2,0
0,8,202,0,0,300,0.5,1700,0.5,0
0,9,747,1,0,300,0.5,1700,0.5,0
1,0,158,2,10,5,0,300,0.5,1700,0.5,2
1,1,948,0,0,500,0.6,1000,0.2,1400,0.2,1
1,2,144,0,0,500,0.6,1000,0.2,1400,0.2,0
1,3,891,1,0,300,0.5,1700,0.5,1
1,4,363,2,10,5,0,500,0.6,1000,0.2,1400,0.2,0
1,5,444,0,0,500,0.6,1000,0.2,1400,0.2,1
1,6,715,1,0,500,0.6,1000,0.2,1400,0.2,0
1,7,282,2,10,5,0,300,0.5,1700,0.5,1
1,8,65,1,0,300,0.5,1700,0.5,2
1,9,939,0,0,500,0.6,1000,0.2,1400,0.2,0
2,0,407,0,0,300,0.5,1700,0.5,0
2,1,147,0,0,500,0.6,1000,0.2,1400,0.2,0
2,2,345,2,10,5,0,300,0.5,1700,0.5,0
2,3,888,2,10,5,0,300,0.5,1700,0.5,2
2,4,477,0,0,300,0.5,1700,0.5,0
2,5,507,0,0,500,0.6,1000,0.2,1400,0.2,1
2,6,654,0,0,300,0.5,1700,0.5,2
2,7,996,1,0,500,0.6,1000,0.2,1400,0.2,2
2,8,974,1,0,500,0.6,1000,0.2,1400,0.2,1
2,9,785,0,0,500,0.6,1000,0.2,1400,0.2,1
3,0,173,1,0,300,0.5,1700,0.5,0
3,1,474,0,0,500,0.6,1000,0.2,1400,0.2,0
3,2,203,0,0,500,0.6,1000,0.2,1400,0.2,2
3,3,431,0,0,500,0.6,1000,0.2,1400,0.2,2
3,4,182,1,0,300,0.5,1700,0.5,0
3,5,574,2,10,5,0,500,0.6,1000,0.2,1400,0.2,0
3,6,97,1,0,300,0.5,1700,0.5,1
3,7,519,0,0,300,0.5,1700,0.5,0
3,8,670,1,0,500,0.6,1000,0.2,1400,0.2,0
3,9,391,1,0,300,0.5,1700,0.5,2
4,0,262,0,0,500,0.6,1000,0.2,1400,0.2,1
4,1,231,0,0,500,0.6,1000,0.2,1400,0.2,0
4,2,455,1,0,300,0.5,1700,0.5,2
4,3,478,1,0,500,0.6,1000,0.2,1400,0.2,0
4,4,920,1,0,500,0.6,1000,0.2,1400,0.2,0
4,5,352,1,0,300,0.5,1700,0.5,2
4,6,772,1,0,300,0.5,1700,0.5,0
4,7,517,1,0,500,0.6,1000,0.2,1400,0.2,0
4,8,809,1,0,500,0.6,1000,0.2,1400,0.2,1
4,9,110,2,10,5,0,500,0.6,1000,0.2,1400,0.2,0
5,0,11,1,0,300,0.5,1700,0.5,1
5,1,432,1,0,300,0.5,1700,0.5,1
5,2,819,1,0,300,0.5,1700,0.5,1
5,3,446,1,0,300,0.5,1700,0.5,0
5,4,268,0,0,500,0.6,1000,0.2,1400,0.2,1
5,5,364,1,0,500,0.6,1000,0.2,1400,0.2,1
5,6,372,2,10,5,0,500,0.6,1000,0.2,1400,0.2,2
5,7,89,2,10,5,0,500,0.6,1000,0.2,1400,0.2,1
5,8,558,1,0,300,0.5,1700,0.5,0
5,9,315,0,0,300,0.5,1700,0.5,2
6,0,252,1,0,500,0.6,1000,0.2,1400,0.2,2
6,1,889,1,0,500,0.6,1000,0.2,1400,0.2,0
6,2,303,2,10,5,0,300,0.5,1700,0.5,0
6,3,723,2,10,5,0,300,0.5,1700,0.5,1
6,4,266,0,0,300,0.5,1700,0.5,1
6,5,275,0,0,500,0.6,1000,0.2,1400,0.2,2
6,6,985,0,0,300,0.5,1700,0.5,2
6,7,840,1,0,300,0.5,1700,0.5,1
6,8,174,0,0,500,0.6,1000,0.2,1400,0.2,2
6,9,598,0,0,500,0.6,1000,0.2,1400,0.2,0
7,0,876,2,10,5,0,500,0.6,1000,0.2,1400,0.2,1
7,1,767,1,0,500,0.6,1000,0.2,1400,0.2,1
7,2,798,0,0,300,0.5,1700,0.5,2
7,3,897,0,0,500,0.6,1000,0.2,1400,0.2,2
7,4,635,2,10,5,0,500,0.6,1000,0.2,1400,0.2,1
7,5,340,1,0,500,0.6,1000,0.2,1400,0.2,0
7,6,278,1,0,300,0.5,1700,0.5,0
7,7,466,0,0,300,0.5,1700,0.5,1
7,8,809,0,0,500,0.6,1000,0.2,1400,0.2,1
7,9,644,2,10,5,0,500,0.6,1000,0.2,1400,0.2,2
8,0,206,0,0,500,0.6,1000,0.2,1400,0.2,1
8,1,843,1,0,500,0.6,1000,0.2,1400,0.2,0
8,2,584,0,0,300,0.5,1700,0.5,0
8,3,715,0,0,500,0.6,1000,0.2,1400,0.2,1
8,4,732,0,0,300,0.5,1700,0.5,2
8,5,899,1,0,500,0.6,1000,0.2,1400,0.2,0
8,6,762,0,0,300,0.5,1700,0.5,1
8,7,863,1,0,500,0.6,1000,0.2,1400,0.2,0
8,8,772,1,0,500,0.6,1000,0.2,1400,0.2,1
8,9,204,2,10,5,0,300,0.5,1700,0.5,2
9,0,515,0,0,300,0.5,1700,0.5,2
9,1,573,1,0,500,0.6,1000,0.2,1400,0.2,1
9,2,975,2,10,5,0,300,0.5,1700,0.5,2
9,3,577,0,0,500,0.6,1000,0.2,1400,0.2,2
9,4,101,1,0,300,0.5,1700,0.5,2
9,5,226,1,0,500,0.6,1000,0.2,1400,0.2,0
9,6,67,2,10,5,0,500,0.6,1000,0.2,1400,0.2,2
9,7,10,2,10,5,0,300,0.5,1700,0.5,0
9,8,327,2,10,5,0,300,0.5,1700,0.5,0
9,9,719,1,0,500,0.6,1000,0.2,1400,0.2,1
