0,9,1
0,3,4,5,2
0,3
0,3,4
0,3,4,5
0,8,6
0,8,6,7
0,8
0,9
1,9,0
1,8,6,7,2
1,9,3
1,9,3,4
1,9,3,4,5
1,8,6
1,8,6,7
1,8
1,9
2,7,6,8,0
2,7,6,8,1
2,5,4,3
2,5,4
2,5
2,7,6
2,7
2,7,6,8
2,5,4,3,9
3,0
3,8,1
3,4,5,2
3,4
3,4,5
3,8,6
3,4,5,7
3,8
3,9
4,3,0
4,3,8,1
4,5,2
4,3
4,5
4,3,8,6
4,5,7
4,3,8
4,3,9
5,4,3,0
5,4,3,8,1
5,2
5,4,3
5,4
5,7,6
5,7
5,4,3,8
5,4,3,9
6,8,0
6,8,1
6,7,2
6,8,3
6,7,5,4
6,7,5
6,7
6,8
6,8,1,9
7,6,8,0
7,6,8,1
7,2
7,6,8,3
7,5,4
7,5
7,6
7,6,8
7,6,8,1,9
8,0
8,1
8,6,7,2
8,3
8,3,4
8,6,7,5
8,6
8,6,7
8,1,9
9,0
9,1
9,3,4,5,2
9,3
9,3,4
9,3,4,5
9,0,8,6
9,0,8,6,7
9,0,8
